1 [0, 0]
1 [0, 0]
1 [0, 0]
1 [0, 0]
1 [0, 0]
1 [0, 0]
1 [0, 0]
1 [0, 0]
1 [0, 0]
1 [0, 0]
1 [0, 0]
1 [0, 0]
1 [0, 0]
1 [0, 0]
1 [0, 0]
1 [0, 0]
1 [0, 0]
1 [0, 0]
1 [0, 0]
1 [0, 0]
1 [0, 0]
1 [0, 0]
1 [0, 0]
1 [0, 0]
1 [0, 0]
1 [0, 0]
1 [0, 0]
1 [0, 0]
1 [0, 0]
1 [0, 0]
1 [0, 0]
1 [0, 0]
1 [0, 0]
1 [0, 0]
1 [0, 0]
1 [0, 0]
1 [0, 0]
1 [0, 0]
1 [0, 0]
1 [0, 0]
1 [0, 0]
1 [0, 0]
1 [0, 0]
1 [0, 0]
1 [0, 0]
1 [0, 0]
1 [0, 0]
1 [0, 0]
1 [0, 0]
1 [0, 0]
1 [0, 0]
1 [0, 0]
1 [0, 0]
1 [0, 0]
1 [0, 0]
1 [0, 0]
1 [0, 0]
1 [0, 0]
1 [0, 0]
1 [0, 0]
1 [0, 0]
1 [0, 0]
1 [0, 0]
1 [0, 0]
1 [0, 0]
1 [0, 0]
1 [0, 0]
1 [0, 0]
1 [0, 0]
1 [0, 0]
1 [0, 0]
1 [0, 0]
1 [0, 0]
1 [0, 0]
1 [0, 0]
1 [0, 0]
1 [0, 0]
1 [0, 0]
1 [0, 0]
1 [0, 0]
1 [0, 0]
1 [0, 0]
1 [0, 0]
1 [0, 0]
1 [0, 0]
1 [0, 0]
1 [0, 0]
1 [0, 0]
1 [0, 0]
1 [0, 0]
1 [0, 0]
1 [0, 0]
1 [0, 0]
1 [0, 0]
1 [0, 0]
1 [0, 0]
1 [0, 0]
1 [0, 0]
1 [0, 0]
1 [0, 0]
1 [0, 0]
1 [0, 0]
1 [0, 0]
1 [0, 0]
1 [0, 0]
1 [0, 0]
1 [0, 0]
1 [0, 0]
1 [0, 0]
1 [0, 0]
1 [0, 0]
1 [0, 0]
1 [0, 0]
1 [0, 0]
1 [0, 0]
1 [0, 0]
1 [0, 0]
1 [0, 0]
1 [0, 0]
1 [0, 0]
1 [0, 0]
1 [0, 0]
1 [0, 0]
1 [0, 0]
1 [0, 0]
1 [0, 0]
1 [0, 0]
1 [0, 0]
1 [0, 0]
1 [0, 0]
1 [0, 0]
1 [0, 0]
1 [0, 0]
1 [0, 0]
1 [0, 0]
1 [0, 0]
1 [0, 0]
1 [0, 0]
1 [0, 0]
1 [0, 0]
1 [0, 0]
1 [0, 0]
1 [0, 0]
1 [0, 0]
1 [0, 0]
1 [0, 0]
1 [0, 0]
1 [0, 0]
1 [0, 0]
1 [0, 0]
1 [0, 0]
1 [0, 0]
1 [0, 0]
1 [0, 0]
1 [0, 0]
1 [0, 0]
1 [0, 0]
1 [0, 0]
1 [0, 0]
1 [0, 0]
1 [0, 0]
1 [0, 0]
1 [0, 0]
1 [0, 0]
1 [0, 0]
1 [0, 0]
1 [0, 0]
1 [0, 0]
1 [0, 0]
1 [0, 0]
1 [0, 0]
1 [0, 0]
1 [0, 0]
1 [0, 0]
1 [0, 0]
1 [0, 0]
1 [0, 0]
1 [0, 0]
1 [0, 0]
1 [0, 0]
1 [0, 0]
1 [0, 0]
1 [0, 0]
1 [0, 0]
1 [0, 0]
1 [0, 0]
1 [0, 0]
1 [0, 0]
1 [0, 0]
1 [0, 0]
1 [0, 0]
1 [0, 0]
1 [0, 0]
1 [0, 0]
1 [0, 0]
1 [0, 0]
1 [0, 0]
1 [0, 0]
3 [53.521911667, -113.511105]
3 [53.521983333, -113.511341667]
3 [53.521985, -113.511393333]
3 [53.521941667, -113.51148]
3 [53.521925, -113.511666667]
3 [53.521943333, -113.511813333]
3 [53.521961667, -113.511805]
3 [53.522036667, -113.511918333]
3 [53.522066667, -113.512138333]
3 [53.52197, -113.51211]
3 [53.521925, -113.512135]
3 [53.521886667, -113.512068333]
3 [53.521803333, -113.512155]
3 [53.521671667, -113.51222]
3 [53.521521667, -113.512118333]
3 [53.521378333, -113.512053333]
3 [53.521278333, -113.512105]
3 [53.521156667, -113.51198]
3 [53.521041667, -113.51201]
3 [53.520995, -113.512093333]
3 [53.521, -113.5122]
3 [53.52102, -113.512276667]
3 [53.521, -113.51238]
3 [53.521003333, -113.51275]
3 [53.520935, -113.512911667]
3 [53.520776667, -113.512915]
3 [53.520653333, -113.512976667]
3 [53.52052, -113.513005]
3 [53.520421667, -113.513043333]
3 [53.520333333, -113.5131]
3 [53.520198333, -113.513158333]
3 [53.520043333, -113.513231667]
3 [53.519945, -113.513275]
3 [53.519945, -113.513275]
3 [53.519945, -113.513275]
3 [53.519945, -113.513275]
3 [53.519945, -113.513275]
3 [53.519945, -113.513275]
3 [53.519945, -113.513275]
3 [53.519945, -113.513275]
3 [53.519945, -113.513275]
3 [53.519945, -113.513275]
3 [53.519945, -113.513275]
3 [53.519945, -113.513275]
3 [53.519945, -113.513275]
3 [53.519945, -113.513275]
3 [53.519945, -113.513275]
3 [53.519945, -113.513275]
3 [53.519945, -113.513275]
3 [53.519945, -113.513275]
3 [53.519945, -113.513275]
3 [53.519945, -113.513275]
3 [53.519945, -113.513275]
